9780141345635
9780062289841
9780521825146
9783753145136
9781408824856
9780547952017
9781786826701
9780297859406
9780359199143
9780007492190
9780399565335
9780857522313
9780307433848
9780747585664
9780446930642
9781350295698
9780330513081
9781451696196
9780007537129
9781409086048
9781416548942
9780486784755
9781439157268
9781408803738
9781848940994
9781524771034
9781526634191
9780748112548
9780143109464
9781594745133
9780359323210
9785521055067
9781529011906
9781416544661
9780007494354
9798736424061
9781408848180
9781491266236
9781451648546
9780316175869
9781416972259
9781476746609
9780544173767
9781250031211
9780007447831
9789350835623
9781784751371
9781617874215
9780748112616
9780007466726
9781407059518
9781101539927
9780525436201
9798200952090
9781350419162
9780684865133
9781407048574
9784871878999
9781529014587
9780143107569
9781984818447
9780141352077
9780755379927
9780091956448
9781501175466
9780241336793
9781551113623
9780552774819
9780748130474
9780141334783
9780395082553
9780593640333
9781742753560
9781848947139
9780748113231
9780141391601
9780007119561
9781484444252
9780748123032
9780241683231
9781484441251
9781447265443
9780007324361
9781101209042
9781423492764
9780747561620
9780141971742
9780316248679
9780575087057
9780141325491
9781446468265
9780141970349
9781446493830
9780007369218
9780140449174
9781982122355
9780099830009
9781848940833
9781448119141
9780399587191
9780141908328
9781442465138
9781442419810
9781473538641
9780786409631
9780670872060
9780141943275
9780060502256
9780552169998
9781108830775
9780141932064
9780571248209
9781782397502
9781546033295
9781476719078
9780312353766
9782017125556
9780575089372
9780007482917
9780230748699
9781408803318
9781429904605
9781905775330
9780553904567
9781448134083
9781779501837
9781447263234
9781453223970
9781982117948
9781509874309
9781501168369
9780751561623
9781427212672
9781448114955
9781416560609
9780297860242
9781405911672
9780425282335
9780061793554
9781408832332
9781481455992
9780141036250
9781448110711
9781409044604
9781501156748
9780748111336
9781407129402
9781250048097
9781554681723
9780099597636
9781408704042
9781448169795
9780141346106
9781472200334
9780061975165
9780435232931
9781409150732
9788027222650
9781908435491
9780857533937
9780783881157
9781448110230
9781444727197
9780571249381
9780770437404
9780141923505
9780141967561
9780606148832
9781481456005
9781409121954
9780143126393
9781471403996
9781668010815
9780091957179
9781473539310
9781982172930
9781407059013
9780141335711
9781338262186
9780241968574
9780547416212
9780755379958
9781410400949
9781473676411
9780759513020
9789394752818
9781451681734
9780791420225
9781780747316
9780007252961
9781447283294
9781594139819
9780547351278
9783985100118
9781409081104
9780575088078
9780857893529
9781588369253
9780330353977
9780141188935
9780099993803
9781597454247
9780141378534
9781409579953
9781501156700
9781408821626
9781737295624
9780297867319
9788184001754
9780062383976
9781429959810
9780451530295
9780141034263
9780007258925
9780141347813
9780399551239
9780062938084
9780606341295
9781394214853
9780141378572
9780307567277
9780425083833
9780613722551
9780553506679
9781473539358
9780061142024
9781474600293
9781446458525
9780241953570
9780723299332
9780582402416
9781405931045
9781524714451
9781471105340
9780898868920
9780385674546
9780731815296
9781250318541
9781631060724
9781473551084
9780142437339
9780571367641
9781615233595
9780755374052
9781405519229
9789356300194
9780060391621
9781476729718
9781848940819
9780062093592
9781408857878
9780606412056
9780733626821
9781405528962
9780307264886
9781847395825
9781849833714
9781408315446
9780007596713
9780755387052
9781451777987
9781444740134
9780140926521
9780316192149
9780007422579
9780141331867
9781442403321
9781443424332
9780748129089
9780552166591
9781101515372
9780241975329
9781408852569
9780099584353
9781418550684
9780544176560
9781784701994
9780192827579
9781401952976
9780552162135
9781409198321
9781429918688
9781444710236
9780141331874
9780141971841
9781446490549
9780486425573
9780743298032
9780552160216
9780698183438
9789047427704
9780099410218
9780857520173
9781446442036
9780141331881
9781448197088
9780141393964
9780385674669
9780141975054
9781849414289
9780021160877
9780061947438
9780134401997
9781481444422
9781779511737
9781784161859
9780440242383
9781526635211
9781780318684
9781668021361
9780748119257
9780553803709
9781447269007
9781365108105
9781448103690
9780007318209
9780575089433
9781476764528
9780062094889
9781409115397
9781473217379
9780751544701
9781476770116
9780857076632
9780800871864
9780595341054
9781405529631
9780759522886
9780748125944
9780141929132
9780143121701
9780575089396
9780143108863
9780500777718
9780099557494
9781575678856
9780394747231
9780007381791
9780230757073
9781447287711
9781407066790
9781416987345
9780141971742
9780007386802
9781416500056
9781408709702
9780393609295
9781416589648
9781905716418
9780800730024
9780812584356
9780553213416
9780008523329
9780006551805
9781473512337
9780743272933
9780099468394
9780575117044
9781473580909
9780748110612
9780141924045
9780765376671
9780748130443
9781423155157
9780307401939
9789351184409
9780802197177
9781802737165
